0
0.001682645
0
0.000366755
0.000294604
0.000238645
0.000394649
0.000270936
0.000288623
0.000326033
0.00014547
0.000155444
0.000137267
0.000112404
0.00010518
0.000092
0.0000998
0.0000988
0.000119048
0.00018303
0
0
0
0
0
0
0
0
0
0
0
0
0
0
0
0
0
0.017976484
0.010402292
0.004255402
0.002384544
0.000971278
0
0
0
0
0
0
0
0
0
0
0.036578725
0
0
0
0.003374039
0.001949874
0.000808861
0.000631667
0.000466053
0.000372283
0.000264269
0.000217395
0.000178801
0.00016177
0.000795725
0.007648183
0.118091942
0.13221325
0.020675039
0.014767283
0.021369358
0.007331026
0.003045041
0.001578738
0.000875374
0.000745366
0.000780314
0.00176606
0.001427221
0.001001381
0.000899035
0.000756235
0.000637143
0.000653035
0.000653917
0.000591935
0.044922858
0.011141198
0.002729671
0.001748121
0.001251603
0.00109452
0.000843661
0.000674423
0.00067379
0.000592233
0.000560437
0.000465036
0.000496996
0.000869393
0.001028227
0.004973839
0.008121027
0.00231614
0.00162767
0.001289878
0.011347457
0.021243497
0.006758643
0.002827704
0.001739356
0.001089253
0.000771473
0.007125863
0.00318059
0.004765837
0.005896268
0.005293731
0.081976906
0.015919502
0.002311059
0.001645129
0.001130715
0.000767519
0.00055335
0.000480553
0.000437543
0.000322758
0.000298692
0.000304558
0.000255073
0.00022756
0.000222269
0.000212959
0.000208729
0.000257303
0.00037338
0.000362886
0.000285634
0.000280076
0.000335555
0.000578719
0.000788237
0.00137211
0.000475706
0.001917276
0.00046695
0.001306033
0.007233201
0.00140348
0.015083168
0.003464538
0.001557794
0.001602029
0.001086244
0.000681279
0.000467136
0.000352092
0.002400254
0.001269732
0.000815977
0.000687961
0.001687444
0.001331204
0.003197904
0.002083033
0.001109378
0.000539941
0.004529306
0.004907988
0.002797086
0.001903964
0.001406329
0.000927698
0.000659558
0.000746686
0.000611318
0.000475216
0.000346801
0.000250433
0.000181929
0.000112337
0.000065
0.0000372
0.000579037
0.000805261
0.000443013
0.0002793
0.000181623
0.000110094
0.0000857
0.0000711
0.000057
0.0000497
0.0000452
0.000329733
0.000519293
0.000474186
0.0004764
0.000891188
0.013820369
0.004698499
0.002320978
0.001402839
0.000881768
0.000577428
0.000391151
0.000242342
0.000124659
0.0000997
0.0000816
0.0000614
0.0000474
0.0000322
0.000023
0.0000214
0.0000224
0.0000241
0.0000254
0.0000251
0.000026
0.0000274
0.000033
0.0000227
0.0000197
0.0000161
0.000013
0.0000347
0.000146493
0.0000196
0.0000165
0.0000129
0.0000102
0.00000881
0.00000796
0.00000895
0
0.0000182
0.000017
0.0000132
0.00000992
0.0000102
0.00000602
0.00000559
0.00000298
0.000000619
0.00000277
0
0
0
0
0
0
0
0
0
0
0
0
0
0
0
0
0
0
0
0
0
0.000417155
0.0000635
0.004862955
0.000970531
0.001676446
0.055037422
0.007582618
0.000980561
0.000461671
0.000282771
0.000180419
0.000117022
7.38495E-05
0.000083501
0.000196569
0.000195504
0.000140095
0.00014992
0.0001714
0.000129614
0.000116047
0.000136535
0.000140721
0.000149971
0.000160857
0.000115519
9.09091E-05
7.74072E-05
0.007429571
0.066445627
0.004486056
0.001935625
0.005490465
0.032068483
0.032650583
0.002249233
0.001105207
0.000805678
0.000585198
0.000575893
0.000556273
0.000424024
0.000388845
0.000302388
0.000225277
0.000173206
0.000175449
0.000170331
0.000167555
0.000184752
0.000243625
0.000724079
0.000907519
0.000584961
0.000406736
0.000393361
0.000431107
0.000381033
0.00035288
0
0
0.001689558
0.000723832
0.000604282
0.008488286
0.001915304
0.001211322
0.000809032
0.000519525
0.000398043
0.000330804
0.000341161
0.002953864
0.000776959
0.000545536
0.00045403
0.000395431
0.003000045
0.001977835
0.001180419
0.00045502
0.000367341
0.000299693
0.000232977
0.000213051
0.00020025
0.000193681
0.000172226
0.000177722
0.000171477
0.000169371
0.000189584
0.146674817
0.855709811
0.079240996