0
0.0306
0
0
0.0034
0
0.2707
0.1123
0
0
0
0.18
0
0
0
0
0.13
0
0.84
0
0
0.0068
2.3628
0
0
0.33
0
1.0098
0
0
0
0
0.0051
0
0.2586
0
0.761
0.1735
0
0
0.05
0
0.6752
0
0.3761
0.0323
0
0.18
0
0.0051
0.1226
0
0
0.0612
0.7662
0
0
0
0
0
0
0
0
0
0
0
0
1.3225
1.0676
0
0
0.1004
1.0391
0.1616
0
0
0
0
0.199
0.1089
0
0
0
0
0
0
0.0442
0.5118
2.9914
0.0153
0.0374
0
0
0.0068
0
0
0.0017
0
0
0.1072
0
0.4199
0
1.6715
0.0595
0.0221
0.0085
0.6599
0.9869
1.5064
0.0153
0
0.0034
0
0.2007
1.6199
0.7511
0.4561
1.4877
1.5983
3.9323
0.0255
0.2655
0
0.0051
0.0017
0.0595
0
0.5919
0.0715
0.0306
0.0986
0.5514
0.0034
0
0.0153
0.2974
0.9774
1.0085
0
0.0034
0.6294
0.6715
0.1072
0.0289
1.4387
0.2025
0.6936
1.0013
1.7891
0.0596
1.9884
0.025
0
0
1.4234
0
0.0017
0
0.5071
1.6517
0.0017
0.0204
0.38
0.025
0.1396
0.8506
0.1652
0.1497
0.5578
1.218
0.0765
0
0.0102
0.3439
0.0868
0.2553
0.0017
0.0715
0
0
0
0.034
0.034
1.6484
0
0.7413
0.5613
0
0
0
0
0.0051
0.1804
0
0
0.0306
0.7042
0
0
0
3.9289
0.0374
0.0647
0.0017
0.1804
0.0051
0
0
0.5238
0.0187
0
0.0017
0.0051
0.0034
0.0068
0.0051
1.9077
0.4834
0.0017
0.0153
0.0034
0.0017
2.0485
0.3217
0.0306
0.017
0.0136
0.3962
4.5749
0.017
0.0034
0.0051
0.0136
0.0068
0.0102
0.0102
1.1719
1.1072
0.0153
0.0136
0.2247
0.0051
0.2633
0.0238
0.0119
0
0.0034
0.0425
0.0085
0.0017
0
0
0.9093
1.42
1.3157
0.0102
0.1498
0
0.0102
0.0153
0.0102
0.0102
0.0153
0
0.2638
0.0187
0.0136
0.0017
1.4842
3.6638
0.4251
3.4834
0.0068
0.9886
3.1519
0
0
0.0987
0
0.0085
0.0119
0.0187
1.1494
0.1685
0
0
0.0085
0.3961
0
0.0136
0.0068
0
0.5341
0.0697
0
0
0
3.9524
0.4472
0.0068
0.0119
1.1403
3.1419
0.0357
0.0085
0
0.0545
0
0
0
0
0
0.0068
1.9589
0
0
0
0.0187
0
0.0885
0.0459
0.0017
0.0034
0.1395
0.0034
0.0136
0.0119
0
0.0936
1.9962
0
0
0
1.1594
0.0102
0
0
0
0
0
0.1
0.9026
0
0
0
0
0
0
0
0
0.0017
0
0
0
0
0.0085
0.0068
0.0017
0.0051
0
0
2.3998
1.5525
0.03