0.866308223
0.291569057
0.197290556
0.153646712
0.117559439
0.087576083
0.097661108
0.093073043
0.088943784
0.074199625
0.060136228
0.054618248
0.049716453
0.043942176
0.042291818
0.03426872
0.034609204
0.028448185
0.032464605
0.024038653
0.016785684
0.022884963
0.407521801
0.287483746
0.116339083
0.08571667
0.066347435
0.063311504
0.04077484
0.030909267
0.025782589
0.026637587
0.028125558
0.342890622
0.958365413
0.659585008
0.575469607
0.412162883
0.2963637
0.16007078
0.131966986
0.101661964
0.172142257
0.112176673
0.20734669
0.326715643
0.127073879
0.068404092
0.04140875
0.033909519
0.047345114
0.13278395
0.106667149
0.068523298
0.656931066
0.183481718
0.069021336
0.056813692
0.040940502
0.036094234
0.030572872
0.028664751
0.024626645
0.021413323
0.018676362
0.01798446
0.018426821
0.026305422
0.21937616
0.217617427
0.073719368
0.055586945
0.369143668
0.276872346
0.162229129
0.105284271
0.078019055
0.070264496
0.078062652
0.127127858
0.122256363
0.091838898
0.088720565
0.080768415
0.065831912
0.065344868
0.06343168
0.062361435
1.070662517
0.727089855
0.30798505
0.216700291
0.154556991
0.118007494
0.106644099
0.082829208
0.080465315
0.068824338
0.062916285
0.050490731
0.052243838
0.045236065
0.035547945
0.12875253
0.24462399
0.164510292
0.123838425
0.105658427
0.433340594
0.685097286
0.62154157
0.283322844
0.191411427
0.132941156
0.105681275
0.409414735
0.220026315
0.41420454
0.606050792
0.665710651
1.558259314
0.65230494
0.382056307
0.277724468
0.195011416
0.135298172
0.09974947
0.088630164
0.079553344
0.057869583
0.052822246
0.053132893
0.043795038
0.038461896
0.036990962
0.034905618
0.030040143
0.033005939
0.043200335
0.048236865
0.037907643
0.037110883
0.044391453
0.04086709
0.037963523
0.050141046
0.085497087
0.162646436
0.122430407
0.443173711
0.336115269
0.227837694
0.807752785
0.231964039
0.139109487
0.214720379
0.157028349
0.106884124
0.080119427
0.066595845
0.438402561
0.214011834
0.138936946
0.097362147
0.070073655
0.066693572
0.178983801
0.148118003
0.108130044
0.083634024
0.184975333
0.211041813
0.131363009
0.098499897
0.08097986
0.060227605
0.049074247
0.043203471
0.041054946
0.038024876
0.03432056
0.032473191
0.029981655
0.025392645
0.02336406
0.021079435
0.053545141
0.086687924
0.057056984
0.044762526
0.038521854
0.034512248
0.028301248
0.024812146
0.021084433
0.019554741
0.019002519
0.017575465
0.014776983
0.012841861
0.012307539
0.070841687
0.286824851
0.07846132
0.043873408
0.030549338
0.022644774
0.018068412
0.01566071
0.013466965
0.011318236
0.010176661
0.00950883
0.008327095
0.007705226
0.006511775
0.006181225
0.006147809
0.005334426
0.004904199
0.004518471
0.003954527
0.003682279
0.003523179
0.004640244
0.003514432
0.003398274
0.003148533
0.0029207
0.009123466
0.008027465
0.003749842
0.003255522
0.00264946
0.002158303
0.001941989
0.001825285
0.002139108
0.003678198
0.002662287
0.002033032
0.001708965
0.001409645
0.001592824
0.001054762
0.00099424
0.000538912
0.000113725
0.0005174
0
0
0
0
0
0
0
0
0
0
0
0
0
0
0
0
0
0
0
0
0
0.015617922
0.003167424
0.363150989
0.094750657
0.065377637
1.34100244
0.408876682
0.144582887
0.078582355
0.048682315
0.031420886
0.023799437
0.018047289
0.020341294
0.033862027
0.030049844
0.019438672
0.018958015
0.019909344
0.013921997
0.011591986
0.012745971
0.012329905
0.012379962
0.014488397
0.011447683
0.010012564
0.009594344
0.283549761
1.370069435
0.360586429
0.204352292
0.264435033
1.236637477
1.231354012
0.354936518
0.209876091
0.150819591
0.108010027
0.088313626
0.072963396
0.059402075
0.058451774
0.049036385
0.039655775
0.033340837
0.033769793
0.032782112
0.032245237
0.035551639
0.046876674
0.139311109
0.174590007
0.136896922
0.121486258
0.103176695
0.100796577
0.080361244
0.067783327
0.057225742
0.913136563
0.303877418
0.191287608
0.152905284
0.439284087
0.301907983
0.206261453
0.149779055
0.105375055
0.089267267
0.073593752
0.075294908
0.185276518
0.165064546
0.119408155
0.102482143
0.092131991
0.088708856
0.080723546
0.077742664
0.07756901
0.064929956
0.054999625
0.045834556
0.045166553
0.042026534
0.040243516
0.035433324
0.036207508
0.034597895
0.033846193
0.037526602
0.658514191
1.488838296
0.468216711