0.0009158111728422121
0.019354119143216445
0.0007206335377359244
0.00036074263897012247
0.021593622196787978
0.0011730634237177534
0.0020637350337412356
0.0012480817470370532
0.000991038007337164
0.0009425522345995839
0.0027209259528948072
0.002002240934173219
0.028336103957292084
0.004154409102656823
0.0016741322571619905
0.0036403650382588475
0.0014573496914769301
0.0011819496863081946
0.0004388346469383336
0.00020214178579218837
8.835126428526686e-05
2.848781240333945e-05
2.2181246560623115e-05
2.0925497093141193e-05
2.8495828053420304e-05
1.4018003359188069e-05
8.020543282293831e-06
4.519308431910064e-06
1.39230184227564e-05
0.00044584055068969255
0.045506637453388114
0.0036376856565833375
0.0010989909878499624
0.0003130356457947796
0.00018882524812524357
9.939750293130334e-05
0.00010736509214319059
4.955026327022199e-05
4.716190123463286e-05
0.00303624036845256
0.002127257024467039
0.03988977955902608
0.03971555004596036
0.0007640833292228031
0.00031077868488266073
0.00021764253244909132
0.0002997925741500202
0.0009055855170393689
0.002662035885571977
0.0015868097721854428
0.0007268286214243113
0.0003397233890656418
0.000259291162365338
0.00025092944275262823
