0.000394649
0.017976484
0.001949874
0.000466053
0.021369358
0.000780314
0.00176606
0.000756235
0.000637143
0.000591935
0.001251603
0.00109452
0.001306033
0.003464538
0.000681279
0.001269732
0.000687961
0.000539941
0.002320978
0.000881768
0.000124659
2.54e-05
2.6e-05
2.74e-05
3.3e-05
1.29e-05
1.32e-05
6.02e-06
6.35e-05
0.001676446
0.055037422
0.007582618
0.000980561
0.000282771
0.000180419
7.38495e-05
0.000140095
9.09091e-05
7.74072e-05
0.004486056
0.005490465
0.032068483
0.032650583
0.000585198
0.000302388
0.000184752
0.000243625
0.000406736
0.001689558
0.002953864
0.000395431
0.000232977
0.000172226
0.000169371
