0.001682645
0.000366755
0.000294604
0.000238645
0.000270936
0.000288623
0.000326033
0.00014547
0.000155444
0.000137267
0.000112404
0.00010518
9.2e-05
9.98e-05
9.88e-05
0.000119048
0.00018303
0.010402292
0.004255402
0.002384544
0.000971278
0.036578725
0.003374039
0.000808861
0.000631667
0.000372283
0.000264269
0.000217395
0.000178801
0.00016177
0.000795725
0.007648183
0.118091942
0.13221325
0.020675039
0.014767283
0.007331026
0.003045041
0.001578738
0.000875374
0.000745366
0.001427221
0.001001381
0.000899035
0.000653035
0.000653917
0.044922858
0.011141198
0.002729671
0.001748121
0.000843661
0.000674423
0.00067379
0.000592233
0.000560437
0.007233201
0.00140348
0.015083168
0.001557794
0.001602029
0.001086244
0.000467136
0.000352092
0.002400254
0.000815977
0.001687444
0.001331204
0.003197904
0.002083033
0.001109378
0.004529306
0.004907988
0.002797086
0.001903964
0.001406329
0.000927698
0.000659558
0.000746686
0.000611318
0.000475216
0.000346801
0.000250433
0.000181929
0.000112337
6.5e-05
3.72e-05
0.000579037
0.000805261
0.000443013
0.0002793
0.000181623
0.000110094
8.57e-05
7.11e-05
5.7e-05
4.97e-05
4.52e-05
0.000329733
0.000519293
0.000474186
0.0004764
0.000891188
0.013820369
0.004698499
0.001402839
0.000577428
0.000391151
0.000242342
9.97e-05
8.16e-05
6.14e-05
4.74e-05
3.22e-05
2.3e-05
2.14e-05
2.24e-05
2.41e-05
2.51e-05
2.27e-05
1.97e-05
1.61e-05
1.3e-05
3.47e-05
0.000146493
1.96e-05
1.65e-05
1.02e-05
8.81e-06
7.96e-06
8.95e-06
1.82e-05
1.7e-05
9.92e-06
1.02e-05
5.59e-06
2.98e-06
6.19e-07
2.77e-06
0.000417155
0.004862955
0.000970531
0.000461671
0.000117022
8.3501e-05
0.000196569
0.000195504
0.00014992
0.0001714
0.000129614
0.000116047
0.000136535
0.000140721
0.000149971
0.000160857
0.000115519
0.007429571
0.066445627
0.001935625
0.002249233
0.001105207
0.000805678
0.000575893
0.000556273
0.000424024
0.000388845
0.000225277
0.000173206
0.000175449
0.000170331
0.000167555
0.000724079
0.000907519
0.000584961
0.000393361
0.000431107
0.000381033
0.00035288
0.000723832
0.000604282
0.008488286
0.001915304
0.001211322
0.000809032
0.000519525
0.000398043
0.000330804
0.000341161
0.000776959
0.000545536
0.00045403
0.003000045
0.001977835
0.001180419
0.00045502
0.000367341
0.000299693
0.000213051
0.00020025
0.000193681
0.000177722
0.000171477
0.000189584
0.146674817
0.079240996
