0.291569057	0.0031023952577083997
0.153646712	0.001507869423643067
0.117559439	0.0011167778613181635
0.087576083	0.0008021602232006821
0.093073043	0.0008729756193735329
0.088943784	0.0008348006851526757
0.074199625	0.0006829860244540513
0.060136228	0.000540557055589585
0.054618248	0.00048764168165666246
0.049716453	0.0004410401975454304
0.043942176	0.00038564699917869845
0.042291818	0.0003718793260882133
0.03426872	0.00029430189622190963
0.034609204	0.00029995306362059354
0.028448185	0.00024132934066552656
0.032464605	0.0002830292859843528
0.024038653	0.00020197811655795023
0.2963637	0.0041891149998924595
0.16007078	0.0020805469026652355
0.131966986	0.0016794380163907968
0.101661964	0.0012540094638878957
0.106667149	0.0014356772794546868
0.069021336	0.0008951217107242055
0.040940502	0.0004979291216122705
0.036094234	0.0004336931046913698
0.028664751	0.00033716722699657223
0.024626645	0.0002850152308691509
0.021413323	0.00024426094266396197
0.018676362	0.00021005449906874227
0.01798446	0.00020237513312274267
0.018426821	0.00020936115268480895
0.026305422	0.0003169807621165763
0.21937616	0.003643590557040028
0.217617427	0.0036309421099001587
0.073719368	0.0010532975612962943
0.055586945	0.0007658740916608102
0.276872346	0.004895030352771444
0.162229129	0.002663334055887147
0.105284271	0.0016294103112982996
0.078019055	0.0011607784167602328
0.070264496	0.0010344305856168417
0.122256363	0.0019824254937797067
0.091838898	0.0014337875362536098
0.088720565	0.0013841799358066266
0.065344868	0.0009866861831207324
0.06343168	0.0009574148581512831
1.070662517	0.15167303622889244
0.727089855	0.09760543764378471
0.30798505	0.03652147083321093
0.216700291	0.003998075320400269
0.106644099	0.0017878933131626551
0.082829208	0.0013414139212405472
0.080465315	0.0013011923199983042
0.068824338	0.0010903397577922977
0.062916285	0.0009860649812198237
0.336115269	0.03944745316144021
0.227837694	0.004105740929907792
0.807752785	0.10705964306836455
0.139109487	0.0022986633011159384
0.214720379	0.0037666464901696347
0.157028349	0.002616944968949254
0.080119427	0.0011963299563001694
0.066595845	0.0009625402313347583
0.438402561	0.05104791559879569
0.138936946	0.002204519974796432
0.070073655	0.0009933140248252392
0.066693572	0.0009331661226577958
0.178983801	0.002883079637894521
0.148118003	0.002306191908231653
0.108130044	0.0015971766658567856
0.184975333	0.002923290990328849
0.211041813	0.00338015954724898
0.131363009	0.0019486515377982211
0.098499897	0.0013911194175606405
0.08097986	0.0011037677105479229
0.060227605	0.0007804982429265088
0.049074247	0.0006128602402623329
0.043203471	0.0005259186749658209
0.041054946	0.0004926698582942464
0.038024876	0.00044808948162898386
0.03432056	0.00039560695473453823
0.032473191	0.0003686907698074846
0.029981655	0.0003340520259393884
0.025392645	0.0002740917531195886
0.02336406	0.0002473354431731789
0.021079435	0.00021820094043991208
0.053545141	0.0006320075693947345
0.086687924	0.0010911630134286588
0.057056984	0.0006700278097333696
0.044762526	0.0005033351708353632
0.038521854	0.00042049247052730474
0.034512248	0.00036788312265789675
0.028301248	0.0002907385166546116
0.024812146	0.00024809423220356294
0.021084433	0.00020423982994904755
0.019554741	0.0001859025462928445
0.019002519	0.000178523929917591
0.017575465	0.00016197357252050034
0.014776983	0.00013170818825350116
0.012841861	0.00011124171859763469
0.012307539	0.00010513002442739125
0.070841687	0.0007787293801596257
0.286824851	0.0038508525360789404
0.07846132	0.0008622231399010926
0.030549338	0.0002873292878676872
0.018068412	0.00015476275250474625
0.01566071	0.00013030251597963977
0.013466965	0.00010871660057854854
0.010176661	7.75895574164907e-05
0.00950883	7.121498188908341e-05
0.008327095	6.06745071383291e-05
0.007705226	5.507123085637528e-05
0.006511775	4.504253301821653e-05
0.006181225	4.2100117072237965e-05
0.006147809	4.151765705334599e-05
0.005334426	3.5003265614568185e-05
0.004904199	3.1538201168603126e-05
0.003954527	2.425814565028118e-05
0.003514432	2.0555227430387222e-05
0.003398274	1.9630221824174267e-05
0.003148533	1.7849938007852298e-05
0.0029207	1.625451810460944e-05
0.009123466	5.969518381699565e-05
0.008027465	5.1161857608326125e-05
0.003749842	2.1190917903033925e-05
0.003255522	1.7886542778768963e-05
0.002158303	1.0998930062509591e-05
0.001941989	9.674578275082381e-06
0.001825285	8.947537172050542e-06
0.002139108	1.066229897763916e-05
0.002662287	1.3523638250048896e-05
0.002033032	9.855691287845035e-06
0.001409645	6.3873326815139085e-06
0.001592824	7.30211630592875e-06
0.00099424	4.196184673327326e-06
0.000538912	2.0638135205933974e-06
0.000113725	3.435466757997161e-07
0.0005174	1.9455465745411207e-06
0.015617922	8.733330303919312e-05
0.363150989	0.003216694941110568
0.094750657	0.0006850599270832742
0.078582355	0.0005440351922534394
0.023799437	0.00013690039486265786
0.020341294	0.00011378545435166687
0.033862027	0.00020388079044764045
0.030049844	0.00017739454884782666
0.018958015	0.00010414202516045737
0.019909344	0.00010999089931760852
0.013921997	7.282716136694216e-05
0.011591986	5.893300897026522e-05
0.012745971	6.564100674553237e-05
0.012329905	6.31188683246607e-05
0.012379962	6.335423694064865e-05
0.014488397	7.583578716299178e-05
0.011447683	5.7821412518433496e-05
0.283549761	0.0023041337516821
1.370069435	0.0861013319707004
0.204352292	0.001581746174062885
0.354936518	0.002987727797580181
0.209876091	0.0016353594835796892
0.150819591	0.00111996099176566
0.088313626	0.000607074389338655
0.072963396	0.00048818516021343673
0.059402075	0.00038606111477311136
0.058451774	0.0003795834746795816
0.039655775	0.0002439791308473544
0.033340837	0.00020030875011164698
0.033769793	0.00020370316377841573
0.032782112	0.00019731899394223343
0.032245237	0.00019407305732395858
0.139311109	0.0010502727235828088
0.174590007	0.0013650470234535096
0.136896922	0.0010354759892188103
0.103176695	0.000753111612745188
0.100796577	0.0007356701091107894
0.080361244	0.0005690977495713888
0.067783327	0.00046973494918365314
0.191287608	0.0015707940154414686
0.152905284	0.0012196346456809725
0.439284087	0.004116163676905121
0.301907983	0.002687507393250702
0.206261453	0.0017429489787311834
0.149779055	0.0012125245210238536
0.105375055	0.0008134951343042212
0.089267267	0.0006756375449631167
0.073593752	0.0005439496633935186
0.075294908	0.0005612442228695284
0.165064546	0.0013969769118393038
0.119408155	0.0009682974213920902
0.102482143	0.0008168260178379309
0.088708856	0.0006998328346767077
0.080723546	0.0006315836845877504
0.077742664	0.0006084010159445569
0.07756901	0.0006104352531152872
0.064929956	0.0005006415269549585
0.054999625	0.000416269595220107
0.045166553	0.00033613437825898547
0.042026534	0.0003113986835597462
0.040243516	0.0002981750608456237
0.036207508	0.00026755418122213325
0.034597895	0.0002556253294664755
0.037526602	0.0002844283945931444
0.658514191	0.04707546734279318
0.468216711	0.0322614829534545
