0.002739726
0.005479452
0.008219178
0.010958904
0.01369863
0.016438356
0.019178082
0.021917808
0.024657534
0.02739726
0.030136986
0.032876712
0.035616438
0.038356164
0.04109589
0.043835616
0.046575342
0.049315068
0.052054795
0.054794521
0.057534247
0.060273973
0.063013699
0.065753425
0.068493151
0.071232877
0.073972603
0.076712329
0.079452055
0.082191781
0.084931507
0.087671233
0.090410959
0.093150685
0.095890411
0.098630137
0.101369863
0.104109589
0.106849315
0.109589041
0.112328767
0.115068493
0.117808219
0.120547945
0.123287671
0.126027397
0.128767123
0.131506849
0.134246575
0.136986301
0.139726027
0.142465753
0.145205479
0.147945205
0.150684932
0.153424658
0.156164384
0.15890411
0.161643836
0.164383562
0.167123288
0.169863014
0.17260274
0.175342466
0.178082192
0.180821918
0.183561644
0.18630137
0.189041096
0.191780822
0.194520548
0.197260274
0.2
0.202739726
0.205479452
0.208219178
0.210958904
0.21369863
0.216438356
0.219178082
0.221917808
0.224657534
0.22739726
0.230136986
0.232876712
0.235616438
0.238356164
0.24109589
0.243835616
0.246575342
0.249315068
0.252054795
0.254794521
0.257534247
0.260273973
0.263013699
0.265753425
0.268493151
0.271232877
0.273972603
0.276712329
0.279452055
0.282191781
0.284931507
0.287671233
0.290410959
0.293150685
0.295890411
0.298630137
0.301369863
0.304109589
0.306849315
0.309589041
0.312328767
0.315068493
0.317808219
0.320547945
0.323287671
0.326027397
0.328767123
0.331506849
0.334246575
0.336986301
0.339726027
0.342465753
0.345205479
0.347945205
0.350684932
0.353424658
0.356164384
0.35890411
0.361643836
0.364383562
0.367123288
0.369863014
0.37260274
0.375342466
0.378082192
0.380821918
0.383561644
0.38630137
0.389041096
0.391780822
0.394520548
0.397260274
0.4
0.402739726
0.405479452
0.408219178
0.410958904
0.41369863
0.416438356
0.419178082
0.421917808
0.424657534
0.42739726
0.430136986
0.432876712
0.435616438
0.438356164
0.44109589
0.443835616
0.446575342
0.449315068
0.452054795
0.454794521
0.457534247
0.460273973
0.463013699
0.465753425
0.468493151
0.471232877
0.473972603
0.476712329
0.479452055
0.482191781
0.484931507
0.487671233
0.490410959
0.493150685
0.495890411
0.498630137
0.501369863
0.504109589
0.506849315
0.509589041
0.512328767
0.515068493
0.517808219
0.520547945
0.523287671
0.526027397
0.528767123
0.531506849
0.534246575
0.536986301
0.539726027
0.542465753
0.545205479
0.547945205
0.550684932
0.553424658
0.556164384
0.55890411
0.561643836
0.564383562
0.567123288
0.569863014
0.57260274
0.575342466
0.578082192
0.580821918
0.583561644
0.58630137
0.589041096
0.591780822
0.594520548
0.597260274
0.6
0.602739726
0.605479452
0.608219178
0.610958904
0.61369863
0.616438356
0.619178082
0.621917808
0.624657534
0.62739726
0.630136986
0.632876712
0.635616438
0.638356164
0.64109589
0.643835616
0.646575342
0.649315068
0.652054795
0.654794521
0.657534247
0.660273973
0.663013699
0.665753425
0.668493151
0.671232877
0.673972603
0.676712329
0.679452055
0.682191781
0.684931507
0.687671233
0.690410959
0.693150685
0.695890411
0.698630137
0.701369863
0.704109589
0.706849315
0.709589041
0.712328767
0.715068493
0.717808219
0.720547945
0.723287671
0.726027397
0.728767123
0.731506849
0.734246575
0.736986301
0.739726027
0.742465753
0.745205479
0.747945205
0.750684932
0.753424658
0.756164384
0.75890411
0.761643836
0.764383562
0.767123288
0.769863014
0.77260274
0.775342466
0.778082192
0.780821918
0.783561644
0.78630137
0.789041096
0.791780822
0.794520548
0.797260274
0.8
0.802739726
0.805479452
0.808219178
0.810958904
0.81369863
0.816438356
0.819178082
0.821917808
0.824657534
0.82739726
0.830136986
0.832876712
0.835616438
0.838356164
0.84109589
0.843835616
0.846575342
0.849315068
0.852054795
0.854794521
0.857534247
0.860273973
0.863013699
0.865753425
0.868493151
0.871232877
0.873972603
0.876712329
0.879452055
0.882191781
0.884931507
0.887671233
0.890410959
0.893150685
0.895890411
0.898630137
0.901369863
0.904109589
0.906849315
0.909589041
0.912328767
0.915068493
0.917808219
0.920547945
0.923287671
0.926027397
0.928767123
0.931506849
0.934246575
0.936986301
0.939726027
0.942465753
0.945205479
0.947945205
0.950684932
0.953424658
0.956164384
0.95890411
0.961643836
0.964383562
0.967123288
0.969863014
0.97260274
0.975342466
0.978082192
0.980821918
0.983561644
0.98630137
0.989041096
0.991780822
0.994520548
0.997260274
1