0.097661108
0.066347435
0.412162883
0.127073879
0.13278395
0.056813692
0.030572872
0.369143668
0.078062652
0.127127858
0.080768415
0.065831912
0.062361435
0.154556991
0.118007494
0.443173711
0.231964039
0.106884124
0.214011834
0.097362147
0.083634024
0.043873408
0.022644774
0.011318236
0.004518471
0.003682279
0.003523179
0.004640244
0.00264946
0.001708965
0.001054762
0.0
0.0
0.0
0.0
0.0
0.003167424
0.065377637
1.34100244
0.408876682
0.144582887
0.048682315
0.031420886
0.018047289
0.019438672
0.010012564
0.009594344
0.360586429
0.264435033
1.236637477
1.231354012
0.108010027
0.049036385
0.035551639
0.046876674
0.121486258
0.303877418
0.185276518
0.092131991
0.045834556
0.035433324
0.033846193
0.0
0
0
0
0
0
0
0
0
0
0
0
0
0
0
0
0
0
0
0
0
0
0
0
0
0
0
0
0
0
0
0
0
0
0
0
0
0
0
0
0
0
0
0
0
0
0
0
0
0
0
0
0
0
0
0
0
0
0
0
0
0
0
0
0
0
0
0
0
0
0
0
0
0
0
0
0
0
0
0
0
0
0
0
0
0
0
0
0
0
0
0
0
0
0
0
0
0
0
0
0
0
0
0
0
0
0
0
0
0
0
0
0
0
0
0
0
0
0
0
0
0
0
0
0
0
0
0
0
0
0
0
0
0
0
0
0
0
0
0
0
0
0
0
0
0
0
0
0
0
0
0
0
0
0
0
0
0
0
0
0
0
0
0
0
0
0
0
0
0
0
0
0
0
0
0
0
0
0
0
0
0
0
0
0
0
0
0
0
0
0
0
0
0
0
0
0
0
0
0
0
0
0
0
0
0
0
0
0
0
0
0
0
0
0
0
0
0
0
0
0
0
0
0
0
0
0
0
0
0
0
0
0
0
0
0
0
0
0
0
0
0
0
0
0
0
0
0
0
0
0
0
0
0
0
0
0
0
0
0
0
0
0
0
0
0
0
0
0
0
0
0
0
0
0
0
0
0
0
0
0
0
0
0
0
0
0
0
0
0
0
0
0
0
0
0
0
0
0
0
0
0
0