0.2707
0.0
0.1735
0.0
0.0
0.0
0.0
1.0391
0.199
0.1089
0.0
0.0
0.5118
0.0
0.0068
1.7891
0.0
0.0017
0.0017
0.38
0.5578
0.0017
0.0051
0.0187
0.0153
0.0017
2.0485
0.3217
0.0136
0.2247
0.0238
0.1498
0.0153
0.2638
0.0187
0.0136
0.4251
0.9886
3.1519
0.0
0.0
0.0
0.0085
0.0187
0.0
0.0
0.0
0.0068
1.1403
3.1419
0.0357
0.0
0.0068
0.0
0.0885
0.1395
0.0
0.9026
0.0
0.0
0.0068
0.0
0.0
0
0
0
0
0
0
0
0
0
0
0
0
0
0
0
0
0
0
0
0
0
0
0
0
0
0
0
0
0
0
0
0
0
0
0
0
0
0
0
0
0
0
0
0
0
0
0
0
0
0
0
0
0
0
0
0
0
0
0
0
0
0
0
0
0
0
0
0
0
0
0
0
0
0
0
0
0
0
0
0
0
0
0
0
0
0
0
0
0
0
0
0
0
0
0
0
0
0
0
0
0
0
0
0
0
0
0
0
0
0
0
0
0
0
0
0
0
0
0
0
0
0
0
0
0
0
0
0
0
0
0
0
0
0
0
0
0
0
0
0
0
0
0
0
0
0
0
0
0
0
0
0
0
0
0
0
0
0
0
0
0
0
0
0
0
0
0
0
0
0
0
0
0
0
0
0
0
0
0
0
0
0
0
0
0
0
0
0
0
0
0
0
0
0
0
0
0
0
0
0
0
0
0
0
0
0
0
0
0
0
0
0
0
0
0
0
0
0
0
0
0
0
0
0
0
0
0
0
0
0
0
0
0
0
0
0
0
0
0
0
0
0
0
0
0
0
0
0
0
0
0
0
0
0
0
0
0
0
0
0
0
0
0
0
0
0
0
0
0
0
0
0
0
0
0
0
0
0
0
0
0
0
0
0
0
0
0
0
0
0
0
0
0
0
0
0
0
0
0
0
0
0